#
# Defines the error rates of a typical Complete Genomics sequencer machine
# These rates are based on the total rates (including real mutations)
# observed over 6 lanes of about 50M reads each.


#SNPs and MNPs
#=============
#Rate of SNP error events (in read process not genome).
#We observed 348M MNP events (including SNPs) in 11,575M bases.
#which was 432M modified bases in a total of 11,575M bases.
error_mnp_event_rate = 0.030

#Distribution of MNP lengths (1..5).  This sums to 1.0.
#(Note: This relates the SNP and MNP error rates above.
# That is, the error snp rate should equal this
# error_mnp_event_rate times the average MNP length.)
error_mnp_distribution = 0.833,0.135,0.026,0.005,0.001



#Insertions
#==========
#Rate of insert errors (in read process not genome).
#We observed 22.6M insert events in the 11,575M bases.
error_ins_event_rate = 0.0020

#Length distribution of machine errors for insertions (1..5).  These sum to 1.0.
error_ins_distribution = 0.87384,0.11644,0.00768,0.00203,0.00001


#Deletions
#=========
#Rate of deletion errors (in read process not genome).
#We observed 11.9M delete events in 11,575M bases.
error_del_event_rate = 0.0010

#Length distribution of machine errors for deletions (1..4).  These sum to 1.0.
error_del_distribution = 0.768,0.222,0.008,0.002


#This curve recalibrates qualities to match our internal expectations.
#It must contain exactly 64 entries, giving the quality for 0..63.
#In the CG case, entries past positions 0..29 do not seem to be used,
#but the curve is extrapolated up to the end, in case they do appear.
quality_curve = 0, 2, 3, 4, 5, 6, 7, 8, 9, 10, 10, 10, 10, 10, 10, 10, 10, 10, 10, 10, 10, 10, 10, 10, 10, 10, 10, 10, 10, 10, 10, 10, 10, 10, 10, 10, 10, 10, 10, 10, 10, 10, 10, 10, 10, 10, 10, 10, 10, 10, 10, 10, 10, 10, 10, 10, 10, 10, 10, 10, 10, 10, 10, 10

#Gaps
#====
#Optional
#Relative distribution of gaps for Complete Genomics reads.
#Used in Complete Genomics read simulation, alignment, and all-paths realignment.
#Version 1 chemistry
#Overlap (-4,-3,-2,-1,0)
overlap = 0,2,21,2,0
#Small gap (0,1,2,3)
smallgap = 96,2,1,0
#Gap (4,5,6,7,8)
gap = 0,7,15,3,0

#Version 2 chemistry
#Overlap (-7,-6,-5,-4,-3,-2,-1,0)
overlap_2 = 31,58,128,376,547,86,3,0

#CG Trim Outer Bases (Version 1 chemistry)
#Optional
cg_trim_outer_bases = true

#Attractor priors
#it is store as "ref_hypo a,c,g,t". These sum to 1.0.
#for example a_a_c 0.541674,0.451935,0.003131,0.003260

c_a = 0.975640, 0.014063, 0.005249, 0.005048
g_a = 0.979285, 0.004029, 0.012117, 0.004569
t_a = 0.964130, 0.004731, 0.006063, 0.025077

a_c = 0.014323, 0.977799, 0.003392, 0.004485
g_c = 0.004303, 0.981240, 0.010229, 0.004228
t_c = 0.003794, 0.980146, 0.004129, 0.011931

a_g = 0.012652, 0.004217, 0.979517, 0.003614
c_g = 0.004452, 0.010214, 0.981705, 0.003629
t_g = 0.004108, 0.003772, 0.976321, 0.015798

a_t = 0.022873, 0.005292, 0.004188, 0.967647
c_t = 0.004354, 0.012131, 0.003613, 0.979902
g_t = 0.005093, 0.004817, 0.013897, 0.976193

a_a_c = 0.541674, 0.451935, 0.003131, 0.003260
c_a_c = 0.462339, 0.530795, 0.003526, 0.003340

a_a_g = 0.541244, 0.003095, 0.452444, 0.003217
g_a_g = 0.470860, 0.003343, 0.522312, 0.003485

a_a_t = 0.544263, 0.003802, 0.003781, 0.448155
t_a_t = 0.452393, 0.003603, 0.003459, 0.540546

c_c_g = 0.003525, 0.532647, 0.460834, 0.002994
g_c_g = 0.003539, 0.458744, 0.534231, 0.003486

c_c_t = 0.003408, 0.519549, 0.003626, 0.473417
t_c_t = 0.003369, 0.450000, 0.003234, 0.543398

g_g_t = 0.003729, 0.003644, 0.531981, 0.460647
t_g_t = 0.003505, 0.003172, 0.451101, 0.542222

machine_type = complete_genomics_2

